8 
1 -1 2 
3 -1 2 
4 -1 5 
6 7 -1 5 
2 8 9 10 -1 11 
2 12 -1 11 
2 13 -1 14 
14 15 -1 16 
11 17 18 -1 29 
11 17 19 -1 30 
14 23 24 17 20 -1 31 
14 21 18 -1 32 
5 22 23 24 25 -1 33 
5 22 26 25 -1 34 
5 27 28 -1 35 
 
2 1 36 37 -1 85 
2 1 38 39 -1 86 
2 1 40 41 42 13 -1 87 
2 1 43 44 -1 88 
5 45 46 -1 89 
5 47 48 49 -1 90 
5 45 8 12 -1 91 
50 51 53 47 52 -1 90 
50 51 49 54 55 23 56 24 -1 92 
50 51 54 55 -1 93 
 
50 51 8 12 45 -1 91 
50 51 45 46 -1 89 
51 57 58 59 60 61 62 63 -1 94 
51 57 58 59 60 62 64 65 66 -1 95 
51 57 58 59 60 62 64 -1 96 
67 68 69 70 71 -1 97 
67 68 72 70 73 -1 98 
58 60 74 75 76 77 -1 99 
58 60 74 75 78 79 62 -1 100 
58 60 74 75 80 81 -1 101 
 
58 60 74 75 82 61 83 -1 102 
58 60 74 75 78 52 84 -1 103